%YAML:1.0
---
image_width: 640
image_height: 480
camera_matrix: !!opencv-matrix
   rows: 3
   cols: 3
   dt: f
   data: [ 6.69788635e+02, 0., 3.69207001e+02, 0., 6.66780212e+02,
       2.80984009e+02, 0., 0., 1. ]
distortion_coefficients: !!opencv-matrix
   rows: 1
   cols: 5
   dt: f
   data: [ 9.53724384e-02, -5.63902795e-01, 6.60662481e-05,
       4.41846065e-03, 3.81198615e-01 ]
